[banner10.jpg]
filters=finetune2=1,0.000000,0.283509,0.143158,00000000,0.040936;
moddate=9f32f91009efd401
width=634
height=489
textactive=0
[50565917_768630526836812_6980201680050585600_n.jpg]
filters=finetune2=1,0.292398,0.095439,0.129123,00000000,0.099415;
moddate=58090b8309efd401
width=736
height=449
textactive=0
[IMG-20180819-WA0038.jpg]
filters=fill=1,0.523364;finetune2=1,0.362573,0.039298,0.235789,00000000,0.426901;
moddate=163de3c62904d501
width=1280
height=620
textactive=0
