[about img.jpg]
filters=finetune2=1,0.000000,0.000000,0.000000,00000000,1.000000;
moddate=bc843efc2feed401
width=960
height=540
textactive=0
[IMG-20180819-WA0081.jpg]
filters=finetune2=1,0.526316,0.171228,0.207719,00000000,0.333333;
moddate=298c26922f04d501
width=1280
height=720
textactive=0
[educationbanner.jpg]
filters=finetune2=1,0.608187,0.019649,0.103860,00000000,0.333333;finetune2=1,0.105263,0.028070,0.106667,00000000,0.000000;
moddate=eb8e09e6d707d501
width=1920
height=250
text=1;141;9;EDUCATION;Bookman Old Style;0.245787,0.443793,0.541508,6.283185;v1,4294967295,4283816573,128.000000,1.000000,0.383178,1.000000,400,2,49152;;
textactive=1
[bloodbanner.jpg]
moddate=a4503df70c0cd501
width=1400
height=180
text=1;149;13;BLOOD SUPPORT;Baskerville Old Face;0.422567,0.293895,0.378633,6.283185;v1,4294967295,4283816573,128.000000,1.000000,0.000000,1.000000,400,0,49152;;
textactive=1
